accuracy: 0.9881

              precision    recall  f1-score   support

           A       0.99      0.99      0.99       436
           B       0.99      1.00      0.99       430
           C       1.00      1.00      1.00       360
           D       0.99      0.99      0.99       502
           E       0.99      0.99      0.99       465
           F       1.00      1.00      1.00       583
           G       1.00      1.00      1.00       489
           H       1.00      1.00      1.00       453
           I       0.99      0.98      0.99       470
           J       0.99      0.99      0.99       487
           K       0.99      0.99      0.99       567
           L       0.99      1.00      1.00       502
           M       0.91      0.97      0.94       329
           N       0.95      0.91      0.93       268
           O       0.99      1.00      0.99       452
           P       1.00      0.95      0.98       411
           Q       0.96      0.99      0.98       454
           R       0.98      0.99      0.99       519
           S       0.99      0.99      0.99       537
           T       1.00      0.98      0.99       463
           U       0.99      0.97      0.98       468
           V       0.99      0.99      0.99       489
           W       1.00      0.98      0.99       478
           X       0.99      0.98      0.99       455
           Y       0.99      1.00      1.00       517
           Z       1.00      0.99      0.99       470
      delete       0.98      1.00      0.99       353
     nothing       0.00      0.00      0.00         0
       space       1.00      0.99      0.99       309

    accuracy                           0.99     12716
   macro avg       0.95      0.95      0.95     12716
weighted avg       0.99      0.99      0.99     12716
